Treino com 100 epochs e 128 de batch: 
Tempo de Treino: 57.072899119059244
Qtd. arquivos de treino: 16475
Qtd. arquivos de validação: 1830
Accuracy: [0.36989378929138184, 0.45930197834968567, 0.5064643621444702, 0.532200276851654, 0.5650986433029175, 0.5868892073631287, 0.6229438781738281, 0.658573567867279, 0.692928671836853, 0.735113799571991, 0.7685584425926208, 0.797754168510437, 0.8259787559509277, 0.8531714677810669, 0.8731411099433899, 0.885766327381134, 0.9133839011192322, 0.9204855561256409]

Loss: [1.580430507659912, 1.3060826063156128, 1.211446762084961, 1.1473309993743896, 1.0767220258712769, 1.0229748487472534, 0.9416899681091309, 0.8618300557136536, 0.7780993580818176, 0.6842889785766602, 0.6024847626686096, 0.5190348029136658, 0.4578440487384796, 0.39743247628211975, 0.33922407031059265, 0.30237194895744324, 0.24138300120830536, 0.21978674829006195]

Val_accuracy: [0.4240437150001526, 0.47650274634361267, 0.49781420826911926, 0.5005464553833008, 0.5109289884567261, 0.5240437388420105, 0.5125682950019836, 0.5371584892272949, 0.5420765280723572, 0.5409836173057556, 0.5508196949958801, 0.5508196949958801, 0.5437158346176147, 0.5448087453842163, 0.5464481115341187, 0.5387977957725525, 0.5453552007675171, 0.5327869057655334]

Val_loss: [1.403420329093933, 1.3005479574203491, 1.22909414768219, 1.1945542097091675, 1.2266085147857666, 1.1872618198394775, 1.234158992767334, 1.1853814125061035, 1.3116031885147095, 1.3957184553146362, 1.5101913213729858, 1.653934359550476, 1.7463369369506836, 1.8934698104858398, 1.925984263420105, 2.075429677963257, 2.2135205268859863, 2.2776286602020264]
